scene_type
bathroom
class_probabilities
0.37297811608 04223580
0.310180780209 04446276
0.117982873454 02808440
0.0742150333016 02801938 02747177
0.0218839200761 03775636
0.0161750713606 03018349 20000008 02933112 20000013 20000009 20000012 20000011
0.011417697431 04591713 02876657
0.00951474785918 20000018 20000024 04593077 20000021 20000025 20000023 20000015 20000016 03168217 04062428 03002711 03649674 03786621 03262932 03376595 20000026 04099969 03693474 20000022 04502670 20000020 04590933 04373704 04331277 03001627
0.00951474785918 03797390
0.00856327307326 02880940 03624134
0.00761179828735 03710193
0.00570884871551 03238586 02964075 03246933 04398951 03904060 20000038 20000039 03092883 20000040 20000041 20000037 04379243
0.00285442435775 03050864
0.00285442435775 03063599
0.00285442435775 03957315
0.00285442435775 03482252 20000006 03165096 20000004 03962852 20000007
0.00285442435775 03938244
0.00190294957184 03593526
0.00190294957184 03920867 03891251 02828884
0.00190294957184 03367059 04380533 03636649
0.00190294957184 20000027 02738535
0.00190294957184 04608329 04164868 03231368 04603729 03179701
0.00190294957184 02871439
0.00190294957184 04522168
0.00190294957184 02773838
0.00190294957184 02954340
0.000951474785918 04529681 03337140
0.000951474785918 04177820 20000036 03237340
0.000951474785918 02789487 04061681 03116530
scene_type
office
class_probabilities
0.522589889401 20000018 20000024 04593077 20000021 20000025 20000023 20000015 20000016 03168217 04062428 03002711 03649674 03786621 03262932 03376595 20000026 04099969 03693474 20000022 04502670 20000020 04590933 04373704 04331277 03001627
0.123136166211 04608329 04164868 03231368 04603729 03179701
0.103120942104 03238586 02964075 03246933 04398951 03904060 20000038 20000039 03092883 20000040 20000041 20000037 04379243
0.0353288855058 03085219
0.0330004925447 03710193
0.0299108941925 03211616 03211117 03085602 03782190
0.0181345990239 02801938 02747177
0.0171942864819 03085013
0.0117762951686 03018349 20000008 02933112 20000013 20000009 20000012 20000011
0.0111941969283 02871439
0.00998522366005 03643737
0.00904491111808 20000027 02738535
0.00859714324094 04529681 03337140
0.00761205391125 02789487 04061681 03116530
0.00591053597815 03115762 03015149 04344873 20000030 20000029 20000028 04256520
0.00416424125733 03642806
0.00411946446962 03653583
0.00407468768191 04004475
0.00394035731877 04591713 02876657
0.00380602695563 03367059 04380533 03636649
0.00331348229078 04599124 04349401 03691459
0.00295526798907 03063599
0.00291049120136 20000010
0.00277616083822 03488438 03179910 04401088 02992529
0.00277616083822 02773838
0.00241794653652 03797390
0.00192540187167 02954340
0.00188062508396 03938244
0.00165674114539 03920867 03891251 02828884
0.00147763399454 04152593 03676759
0.00120897326826 03957315
0.000940312541978 03261776
0.000805982178838 03063968
0.000761205391125 04223580
0.000716428603412 04548280 02694662 03046257
0.000671651815699 03761084
0.000537321452559 02823510 02946921 04255586
0.000402991089419 04466871
0.000402991089419 03379051 03513137
0.000402991089419 02880940 03624134
0.000402991089419 04569063 02942699
0.000313437513993 04074963 03759954
0.000268660726279 03593526
0.000268660726279 02676566 03467517
0.000223883938566 03482252 20000006 03165096 20000004 03962852 20000007
0.000179107150853 04515003 03452741 03928116
0.00013433036314 03620967
0.00013433036314 03991062
8.95535754265e-05 03603722
8.95535754265e-05 04330267
8.95535754265e-05 04177820 20000036 03237340
4.47767877132e-05 03609235 02951358
4.47767877132e-05 04522168
4.47767877132e-05 03207941
4.47767877132e-05 04177755
4.47767877132e-05 02808440
scene_type
livingroom
class_probabilities
0.335308558368 20000018 20000024 04593077 20000021 20000025 20000023 20000015 20000016 03168217 04062428 03002711 03649674 03786621 03262932 03376595 20000026 04099969 03693474 20000022 04502670 20000020 04590933 04373704 04331277 03001627
0.143570642512 03938244
0.10573097435 03238586 02964075 03246933 04398951 03904060 20000038 20000039 03092883 20000040 20000041 20000037 04379243
0.0628968086007 03115762 03015149 04344873 20000030 20000029 20000028 04256520
0.0512147633963 03482252 20000006 03165096 20000004 03962852 20000007
0.0437653432659 03367059 04380533 03636649
0.0408871582155 20000027 02738535
0.0255650554474 03018349 20000008 02933112 20000013 20000009 20000012 20000011
0.0215863878778 02801938 02747177
0.0209091678659 04177820 20000036 03237340
0.0167611952933 03063968
0.0165918902904 04608329 04164868 03231368 04603729 03179701
0.0162532802844 03710193
0.0129518327267 04152593 03676759
0.0115127402015 02871439
0.00795733513925 03957315
0.00736476762888 04529681 03337140
0.00617963260814 03920867 03891251 02828884
0.00414797257259 03620967
0.00355540506222 02880940 03624134
0.00338610005926 03642806
0.00304749005333 04223580
0.00253957504444 04522168
0.00253957504444 02954340
0.00245492254296 03085219
0.00228561754 04548280 02694662 03046257
0.00220096503852 04330267
0.00194700753407 03797390
0.00169305002963 03488438 03179910 04401088 02992529
0.00160839752815 02773838
0.00143909252518 04466871
0.00143909252518 03085013
0.00143909252518 02920083 02920259
0.0013544400237 03211616 03211117 03085602 03782190
0.0013544400237 03653583
0.0013544400237 04591713 02876657
0.00126978752222 04599124 04349401 03691459
0.00126978752222 03991062
0.00126978752222 02789487 04061681 03116530
0.00101583001778 04515003 03452741 03928116
0.000931177516296 03063599
0.000931177516296 03761084
0.000931177516296 03643737
0.000761872513333 04004475
0.000761872513333 02823510 02946921 04255586
0.000677220011851 04074963 03759954
0.00059256751037 20000010
0.000507915008889 03593526
0.000423262507407 03603722
0.000423262507407 03050864
0.000338610005926 04381587
0.000253957504444 04554684
0.000253957504444 03982430
0.000169305002963 03379051 03513137
0.000169305002963 03207941
8.46525014814e-05 02676566 03467517
8.46525014814e-05 03775636
8.46525014814e-05 02843684
scene_type
kitchen
class_probabilities
0.518985126859 20000018 20000024 04593077 20000021 20000025 20000023 20000015 20000016 03168217 04062428 03002711 03649674 03786621 03262932 03376595 20000026 04099969 03693474 20000022 04502670 20000020 04590933 04373704 04331277 03001627
0.14750656168 03238586 02964075 03246933 04398951 03904060 20000038 20000039 03092883 20000040 20000041 20000037 04379243
0.0664916885389 03620967
0.0405949256343 04223580
0.0272965879265 03761084
0.0241469816273 04330267
0.0227471566054 03018349 20000008 02933112 20000013 20000009 20000012 20000011
0.0213473315836 02801938 02747177
0.0192475940507 03710193
0.0117235345582 02880940 03624134
0.0106736657918 04591713 02876657
0.00909886264217 03991062
0.00857392825897 03920867 03891251 02828884
0.0076990376203 03797390
0.00682414698163 03207941
0.00664916885389 02789487 04061681 03116530
0.00577427821522 20000027 02738535
0.00454943132108 03115762 03015149 04344873 20000030 20000029 20000028 04256520
0.00419947506562 03063599
0.00332458442695 03211616 03211117 03085602 03782190
0.00332458442695 03367059 04380533 03636649
0.00279965004374 04608329 04164868 03231368 04603729 03179701
0.00227471566054 04152593 03676759
0.00227471566054 03957315
0.00209973753281 03063968
0.00192475940507 03775636
0.00174978127734 02871439
0.00174978127734 02773838
0.00157480314961 20000010
0.00157480314961 03938244
0.00139982502187 04522168
0.00139982502187 03642806
0.00122484689414 03603722
0.00122484689414 02823510 02946921 04255586
0.00087489063867 03593526
0.00087489063867 03643737
0.00087489063867 04554684
0.00087489063867 04529681 03337140
0.000699912510936 04515003 03452741 03928116
0.000349956255468 04004475
0.000349956255468 04548280 02694662 03046257
0.000174978127734 03488438 03179910 04401088 02992529
0.000174978127734 04569063 02942699
0.000174978127734 04599124 04349401 03691459
0.000174978127734 03482252 20000006 03165096 20000004 03962852 20000007
0.000174978127734 04074963 03759954
0.000174978127734 02954340
scene_type
bedroom
class_probabilities
0.185753803596 20000018 20000024 04593077 20000021 20000025 20000023 20000015 20000016 03168217 04062428 03002711 03649674 03786621 03262932 03376595 20000026 04099969 03693474 20000022 04502670 20000020 04590933 04373704 04331277 03001627
0.148686030429 20000027 02738535
0.100968188105 03938244
0.100276625173 03482252 20000006 03165096 20000004 03962852 20000007
0.0904564315353 03238586 02964075 03246933 04398951 03904060 20000038 20000039 03092883 20000040 20000041 20000037 04379243
0.0636237897649 03115762 03015149 04344873 20000030 20000029 20000028 04256520
0.0362378976487 03367059 04380533 03636649
0.0308437067773 03710193
0.0302904564315 04608329 04164868 03231368 04603729 03179701
0.0222683264177 04177820 20000036 03237340
0.0203319502075 02801938 02747177
0.0195020746888 03063968
0.0161825726141 02954340
0.0157676348548 02871439
0.0146611341632 03018349 20000008 02933112 20000013 20000009 20000012 20000011
0.0142461964039 04152593 03676759
0.0124481327801 03920867 03891251 02828884
0.00995850622407 02773838
0.00843706777317 03957315
0.00788381742739 03642806
0.00553250345781 04554684
0.0045643153527 04591713 02876657
0.00428769017981 04529681 03337140
0.00345781466113 03211616 03211117 03085602 03782190
0.00318118948824 03488438 03179910 04401088 02992529
0.0030428769018 03643737
0.00235131396957 03797390
0.00221300138313 03050864
0.00193637621024 03085219
0.00193637621024 04599124 04349401 03691459
0.00179806362379 02789487 04061681 03116530
0.00165975103734 04223580
0.00165975103734 02920083 02920259
0.0015214384509 04515003 03452741 03928116
0.00138312586445 03085013
0.00124481327801 04466871
0.00124481327801 04548280 02694662 03046257
0.00110650069156 03063599
0.000968188105118 02880940 03624134
0.000968188105118 04074963 03759954
0.000829875518672 04522168
0.000691562932227 03379051 03513137
0.000691562932227 03991062
0.000553250345781 02823510 02946921 04255586
0.000414937759336 03603722
0.000414937759336 03761084
0.000276625172891 04446276
0.000276625172891 20000010
0.000276625172891 02676566 03467517
0.000138312586445 03261776
0.000138312586445 04004475
0.000138312586445 03593526
0.000138312586445 03620967
0.000138312586445 04225987
